hduser@localhost:~/ergasia2$ hdfs dfs -cat output/*
a       1       0       0.0020105070128751583   -0.011412225191562835   -0.011100272145741582
b       1       0       0.007202098267550861    -0.009473686289514607   -7.718402841599034e-05
c       1       0       -0.0018917647855600103  -0.009380866790698604   -0.0029073294318965
d       1       0       0.01218370778523951     -0.011971216763050654   -0.012818825942019
e       1       0       0.004724732207608762    -0.008074974293902856   -0.0019644027033922725
f       1       0       0.006516834592817191    -0.00733628632489192    -0.006894423708132913
g       1       0       -0.0042069274309206655  -0.00809072571951311    -0.008727086090104173
h       1       0       -0.0032117683119180338  -0.01749220449508519    -0.016182099309420352
i       1       0       0.006764005465103868    -0.0031833424644400077  -0.02030412644419883
