hduser@localhost:~/ergasia2$ hdfs dfs -cat output/*
a       1       0       0.02628214657373584     0.018425592998757005    -0.029052729085620198
b       1       0       0.022515716589526526    -0.006048126733582442   -0.004094752713659546
c       1       0       0.012594991968515344    0.014999286374683118    -0.016696217351004003
d       1       0       0.0076341119738448345   0.014512674258332735    -0.011926768380192923
e       1       0       -0.0019150473222089993  -0.002807584583615277   -0.016251632561020312
f       1       0       0.012696317042401815    -0.006044860813746924   -0.009081585612219702
g       1       0       0.048284555970578354    -0.04307860290205966    -0.00844806709993404
h       1       0       0.04249456123935993     -0.004296502187827927   -0.08424548859635239
i       1       0       -0.012423530947524198   0.039072374591677075    0.04051340510512029
